0
0
0
0
0
0
0
0
0
0
0
0
0
0
0
0
0
0
0
0
0
0
0
0
0
0
0
0
0
1
0
0
0
0
0
0
0
4
2
2
0
0
0
0
0
0
0
0
1
1
1
1
0
0
0
0
0
3
0
0
0
0
0
0
0
0
0
0
1
1
1
1
1
0
0
0
0
3
0
0
0
0
0
0
0
0
0
0
1
1
1
1
1
1
0
0
4
6
0
0
0
0
0
0
0
0
0
1
1
1
1
1
1
1
1
0
3
0
0
0
0
0
0
0
0
0
1
1
1
1
0
0
1
1
1
1
3
1
1
1
0
0
0
0
0
1
1
1
1
0
0
0
0
1
1
4
6
1
1
1
0
0
0
0
1
1
1
1
1
0
0
0
0
1
1
3
1
1
1
1
0
0
0
0
1
1
1
1
1
0
0
0
1
1
1
3
1
1
1
1
2
2
2
2
2
2
5
1
1
1
1
1
1
1
1
3
1
1
1
1
0
0
0
1
1
1
3
1
1
1
1
1
1
1
4
6
1
1
1
1
0
0
0
0
1
1
3
1
1
1
1
1
1
4
6
1
1
1
1
1
0
0
0
0
1
1
7
2
2
2
2
2
2
6
1
1
1
1
1
1
0
0
0
0
0
1
1
1
1
1
0
0
8
19
1
1
1
1
1
1
0
0
0
0
0
0
0
1
1
1
1
0
0
15
1
1
1
1
1
1
0
0
0
0
0
0
0
1
0
1
1
0
0
8
1
1
1
1
1
1
0
0
0
0
0
0
0
0
0
0
0
0
0
0
1
1
1
1
0
0
0
0
0
0
0
0
0
0
0
0
0
0
0
0
8
1
1
1
0
0
0
0
0
0
0
0
0
0
0
0
0
0
0
0
0
0
0
0
0
0
0
10
19
1
